     0/999        6G   0.09733    0.0781   0.02228    0.1977        33       640         0         0         0         0         0         0         0
     1/999     10.5G     0.073   0.06572   0.01735    0.1561        20       640         0         0         0         0         0         0         0
     2/999     10.5G    0.0639   0.06029   0.01591    0.1401        71       640         0         0         0         0         0         0         0
     3/999     10.5G   0.05706   0.05578   0.01434    0.1272        38       640    0.1902    0.3304    0.2645    0.1412   0.04562   0.04754     0.011
     4/999     10.5G   0.05283   0.05247   0.01306    0.1184        26       640    0.1669    0.3529    0.2962    0.1624   0.04319   0.04574   0.01004
     5/999     10.5G    0.0507   0.05131   0.01228    0.1143        70       640    0.1823    0.3636    0.3205    0.1813   0.04162   0.04416  0.009465
     6/999     10.5G   0.04888   0.04993   0.01172    0.1105        63       640    0.1936    0.3714    0.3361    0.1993   0.04021   0.04302  0.008958
     7/999     10.5G   0.04761   0.04882    0.0113    0.1077        44       640    0.1934    0.3827    0.3506    0.2098    0.0393   0.04207  0.008545
     8/999     10.5G   0.04699   0.04805   0.01103    0.1061        27       640    0.2001    0.3842    0.3593    0.2184   0.03873   0.04152  0.008344
     9/999     10.5G   0.04589   0.04765   0.01076    0.1043        51       640    0.3644    0.3925    0.3682    0.2286   0.03826   0.04125  0.008131
    10/999     10.5G    0.0454   0.04683   0.01055    0.1028        50       640    0.2219    0.3939    0.3804    0.2369    0.0376   0.04069  0.007972
    11/999     10.5G   0.04492   0.04657   0.01046     0.102        45       640    0.4009    0.4015    0.3958    0.2511   0.03693   0.04011  0.007763
    12/999     10.5G   0.04411    0.0462   0.01027    0.1006        15       640    0.2634    0.4049    0.4063    0.2583   0.03692   0.03994  0.007632
    13/999     10.5G   0.04401   0.04539   0.01019   0.09959       105       640    0.3017    0.4096    0.4143    0.2671   0.03635   0.03958  0.007584
    14/999     10.5G   0.04349   0.04516   0.01006    0.0987        56       640    0.4671    0.4143    0.4156    0.2708   0.03614   0.03926  0.007499
    15/999     10.5G   0.04321   0.04534  0.009977   0.09853       103       640    0.4622    0.4293    0.4282     0.278   0.03602   0.03904  0.007416
    16/999     10.5G   0.04274   0.04455  0.009767   0.09705        73       640    0.4763    0.4243    0.4373    0.2846   0.03557    0.0388  0.007321
    17/999     10.5G   0.04252   0.04468   0.00969    0.0969        98       640    0.4426    0.4347     0.437    0.2863   0.03528   0.03855  0.007206
    18/999     10.5G   0.04243   0.04445  0.009653   0.09653        66       640    0.3089    0.4437    0.4444    0.2924   0.03509   0.03829   0.00714
    19/999     10.5G   0.04234   0.04424  0.009597   0.09618        35       640    0.3553    0.4439     0.454    0.2995   0.03502   0.03825  0.007131
    20/999     10.5G   0.04183   0.04432  0.009563   0.09571         5       640     0.384    0.4522    0.4551     0.302   0.03475   0.03811  0.007084
    21/999     10.5G    0.0417   0.04345  0.009545   0.09469         8       640    0.4209    0.4586    0.4634    0.3065    0.0345   0.03768  0.007025
    22/999     10.5G   0.04147   0.04362  0.009435   0.09452        53       640    0.3868    0.4684    0.4702    0.3138   0.03439   0.03762  0.006941
    23/999     10.5G   0.04133   0.04359  0.009369   0.09428        94       640    0.3955     0.484    0.4719    0.3174    0.0341   0.03743  0.006864
    24/999     10.5G   0.04108   0.04334  0.009325   0.09375        82       640    0.3948    0.4951    0.4778    0.3231   0.03398   0.03726  0.006831
    25/999     10.5G   0.04107     0.043  0.009282   0.09335        68       640    0.4013    0.5117    0.4911     0.333   0.03381   0.03719  0.006816
    26/999     10.5G   0.04087   0.04274  0.009246   0.09286        11       640     0.387    0.5218    0.4908    0.3313   0.03368   0.03705  0.006748
    27/999     10.5G    0.0406   0.04257  0.009204   0.09237        66       640    0.4118    0.5332    0.5073    0.3435   0.03367   0.03704  0.006723
    28/999     10.5G   0.04059   0.04261  0.009135   0.09233        16       640    0.4082    0.5357    0.5077     0.346   0.03356   0.03694  0.006661
    29/999     10.5G   0.04041   0.04294   0.00912   0.09247        64       640    0.3968    0.5456    0.5185    0.3523   0.03351    0.0367  0.006622
    30/999     10.5G   0.04041   0.04258  0.009005   0.09199        98       640    0.3941    0.5481    0.5236     0.356    0.0334   0.03671  0.006618
    31/999     10.5G   0.04029   0.04279  0.009017    0.0921        47       640    0.3983    0.5541    0.5259    0.3591   0.03323   0.03655  0.006509
    32/999     10.5G   0.04008   0.04282   0.00899   0.09189        31       640    0.4091     0.554    0.5267    0.3601   0.03317   0.03664  0.006507
    33/999     10.5G   0.04018   0.04212  0.008947   0.09125        79       640    0.4025    0.5629    0.5303    0.3671   0.03301   0.03657  0.006453
    34/999     10.5G   0.04015   0.04254  0.008895   0.09158        51       640    0.4066    0.5679    0.5458    0.3756   0.03293   0.03635  0.006395
    35/999     10.5G   0.03976   0.04194  0.008866   0.09057        66       640    0.4014    0.5729    0.5432     0.375   0.03282   0.03628  0.006385
    36/999     10.5G    0.0399   0.04228  0.008823     0.091        50       640    0.4076    0.5799    0.5442    0.3762   0.03272    0.0361  0.006337
    37/999     10.5G   0.03979   0.04191  0.008852   0.09055        78       640    0.4192    0.5833    0.5531    0.3835   0.03267     0.036  0.006311
    38/999     10.5G   0.03933   0.04168  0.008797    0.0898        18       640      0.41    0.5805    0.5517     0.382   0.03259   0.03594  0.006318
    39/999     10.5G   0.03976   0.04202  0.008757   0.09054        63       640    0.4111    0.5855     0.555    0.3858   0.03255   0.03592  0.006274
    40/999     10.5G   0.03945   0.04167  0.008691   0.08981        66       640    0.4108    0.5911    0.5619    0.3906   0.03245   0.03576  0.006262
    41/999     10.5G   0.03947   0.04156  0.008781   0.08981        30       640    0.4162    0.5992    0.5671    0.3947   0.03237   0.03583  0.006192
    42/999     10.5G   0.03941   0.04167  0.008661   0.08974        39       640    0.4062    0.5948    0.5661    0.3937   0.03228   0.03576  0.006179
    43/999     10.5G   0.03926   0.04141  0.008602   0.08927        10       640    0.4084    0.5934    0.5674    0.3936   0.03226   0.03568  0.006172
    44/999     10.5G   0.03924    0.0417  0.008554   0.08949        49       640    0.4099    0.6045    0.5709    0.3977   0.03222   0.03553  0.006152
    45/999     10.5G   0.03922   0.04124  0.008661   0.08912        57       640    0.4046    0.6056    0.5724    0.3989   0.03221   0.03555  0.006167
    46/999     10.5G   0.03898   0.04087  0.008519   0.08837        98       640    0.4077    0.6061    0.5745    0.4014   0.03214   0.03551  0.006142
    47/999     10.5G   0.03887   0.04154  0.008548   0.08896        64       640    0.4037    0.6124    0.5756    0.4021   0.03207   0.03547  0.006119
    48/999     10.5G   0.03905   0.04121  0.008544    0.0888        57       640    0.4118    0.6128    0.5795    0.4041   0.03201    0.0354  0.006102
    49/999     10.5G   0.03888   0.04117  0.008522   0.08858        69       640    0.4068    0.6177    0.5808     0.405   0.03195   0.03533  0.006094
    50/999     10.5G   0.03866   0.04119  0.008422   0.08828        28       640    0.4097    0.6148    0.5804    0.4069    0.0319   0.03526  0.006082
    51/999     10.5G   0.03905   0.04118  0.008466    0.0887       116       640    0.4095    0.6147    0.5806     0.408   0.03186   0.03524  0.006077
    52/999     10.5G    0.0387   0.04116  0.008424   0.08828        82       640    0.4064    0.6135    0.5795    0.4076   0.03183   0.03519  0.006052
    53/999     10.5G   0.03865   0.04113  0.008394   0.08817        47       640    0.4076    0.6185    0.5816    0.4096   0.03179   0.03519  0.006032
    54/999     10.5G   0.03863   0.04062  0.008429   0.08769        52       640    0.4064    0.6272    0.5845    0.4134   0.03174   0.03518  0.006019
    55/999     10.5G   0.03866   0.04131  0.008379   0.08835        22       640      0.41    0.6259    0.5872    0.4147    0.0317   0.03516  0.006002
    56/999     10.5G   0.03841   0.04044  0.008384   0.08723        99       640    0.4065    0.6226    0.5868    0.4162   0.03165   0.03512  0.005991
    57/999     10.5G   0.03832   0.04085  0.008336   0.08751        65       640    0.4064     0.628    0.5892    0.4163   0.03163   0.03506  0.005976
    58/999     10.5G   0.03853   0.04132  0.008438   0.08829        67       640    0.4093    0.6302    0.5907    0.4178   0.03159   0.03501  0.005964
    59/999     10.5G   0.03857   0.04078  0.008321   0.08767        57       640    0.4091    0.6297    0.5908    0.4179   0.03155   0.03499   0.00596
    60/999     10.5G   0.03851   0.04125  0.008375   0.08814        42       640    0.4095    0.6333    0.5928    0.4207    0.0315   0.03495  0.005949
    61/999     10.5G   0.03842   0.04072  0.008283   0.08743        22       640    0.4118    0.6334    0.5926    0.4213   0.03147   0.03492   0.00594
    62/999     10.5G   0.03851    0.0409  0.008341   0.08775       100       640    0.4092    0.6314    0.5929    0.4231   0.03144   0.03489  0.005935
    63/999     10.5G   0.03832    0.0405  0.008273   0.08709        54       640    0.4147     0.633    0.5915    0.4228   0.03141   0.03486  0.005929
    64/999     10.5G   0.03845   0.04109  0.008279   0.08781        40       640    0.4174    0.6379    0.5941    0.4233   0.03139   0.03483   0.00592
    65/999     10.5G   0.03825   0.04061  0.008256   0.08712        55       640    0.4144    0.6382    0.5955    0.4242   0.03138   0.03481  0.005909
    66/999     10.5G   0.03814   0.04057   0.00818   0.08689        11       640    0.4152    0.6391    0.5973    0.4258   0.03136   0.03478  0.005898
    67/999     10.5G   0.03817   0.03998  0.008209   0.08636         9       640    0.4166    0.6406    0.5987    0.4271   0.03135   0.03477  0.005889
    68/999     10.5G   0.03792   0.04037   0.00817   0.08646        87       640    0.4147    0.6383    0.5994    0.4279   0.03134   0.03474  0.005884
    69/999     10.5G   0.03803   0.04072  0.008239   0.08699        41       640    0.4139    0.6392    0.6011    0.4284   0.03133   0.03471  0.005878
    70/999     10.5G   0.03816     0.041  0.008167   0.08732        52       640    0.4153    0.6409    0.6019    0.4299   0.03131   0.03468  0.005873
    71/999     10.5G    0.0379   0.04058   0.00814   0.08663        88       640     0.416    0.6422     0.602    0.4316   0.03128   0.03463  0.005865
    72/999     10.5G   0.03811   0.04053  0.008152    0.0868        51       640    0.4163     0.643    0.6021    0.4308   0.03126   0.03461   0.00586
    73/999     10.5G   0.03785   0.04025  0.008156   0.08626        54       640     0.416    0.6433    0.6021    0.4313   0.03125   0.03459  0.005856
    74/999     10.5G   0.03788   0.04022   0.00813   0.08622        62       640    0.4171    0.6444    0.6025    0.4318   0.03123   0.03457  0.005849
    75/999     10.5G   0.03798   0.04055  0.008161   0.08669       182       640    0.4174    0.6445    0.6032    0.4327   0.03122   0.03456  0.005843
    76/999     10.5G   0.03782   0.03986  0.008151   0.08583        26       640    0.4183     0.644     0.604    0.4335   0.03121   0.03455   0.00584
    77/999     10.5G   0.03792   0.04005  0.008137   0.08611        71       640    0.4175    0.6443    0.6043    0.4339    0.0312   0.03455  0.005838
    78/999     10.5G   0.03777   0.04011  0.008144   0.08602        43       640    0.4164    0.6429    0.6054    0.4341   0.03119   0.03454  0.005833
    79/999     10.5G   0.03771   0.04019  0.008113   0.08602        49       640    0.4179    0.6441    0.6054    0.4343   0.03117   0.03452  0.005828
    80/999     10.5G   0.03756   0.04051  0.008048   0.08611        91       640    0.4193    0.6437    0.6061    0.4356   0.03116   0.03451  0.005823
    81/999     10.5G   0.03763   0.04055  0.008021   0.08621        65       640    0.4201    0.6441    0.6067    0.4362   0.03115    0.0345  0.005817
    82/999     10.5G   0.03766   0.04018  0.008107   0.08595        66       640    0.4206    0.6443    0.6075    0.4368   0.03114   0.03449  0.005812
    83/999     10.5G   0.03758   0.03971  0.008008    0.0853        41       640    0.4218    0.6454     0.608    0.4369   0.03113   0.03446  0.005808
    84/999     10.5G   0.03764   0.04024  0.008036   0.08591        53       640    0.4249    0.6464    0.6084    0.4375   0.03112   0.03445  0.005805
    85/999     10.5G   0.03763   0.04029  0.008015   0.08593        61       640    0.4252     0.645    0.6088    0.4375   0.03111   0.03445  0.005802
    86/999     10.5G   0.03758   0.04011  0.008077   0.08577        54       640    0.4261    0.6439    0.6092     0.438    0.0311   0.03443    0.0058
    87/999     10.5G    0.0375   0.04045  0.007986   0.08594        45       640    0.4271    0.6461      0.61    0.4389   0.03109   0.03442  0.005798
    88/999     10.5G   0.03766   0.04004  0.008062   0.08577        88       640    0.4275    0.6476    0.6105    0.4394   0.03109   0.03441  0.005795
    89/999     10.5G   0.03746   0.04001  0.007993   0.08547        27       640    0.4288    0.6482    0.6114    0.4393   0.03108    0.0344  0.005792
    90/999     10.5G   0.03744   0.04012  0.007982   0.08554        21       640    0.4305    0.6492    0.6118    0.4396   0.03106   0.03439   0.00579
    91/999     10.5G   0.03725   0.03981   0.00797   0.08503        12       640    0.4328    0.6486    0.6125    0.4401   0.03105   0.03437  0.005789
    92/999     10.5G   0.03765   0.03986  0.008057   0.08557        89       640    0.4358    0.6506     0.613    0.4408   0.03104   0.03436  0.005786
    93/999     10.5G   0.03749   0.04003  0.007995   0.08552        44       640    0.4338    0.6502    0.6134    0.4407   0.03104   0.03435  0.005785
    94/999     10.5G   0.03747   0.04004  0.007982    0.0855        45       640    0.4346    0.6506    0.6136    0.4409   0.03103   0.03434  0.005783
    95/999     10.5G   0.03729   0.03997  0.007958   0.08522        23       640    0.4359    0.6506     0.614     0.441   0.03103   0.03433  0.005781
    96/999     10.5G   0.03751    0.0398  0.007987    0.0853        30       640    0.4374    0.6525    0.6147    0.4416   0.03103   0.03432  0.005779
    97/999     10.5G   0.03742   0.03996  0.007966   0.08535        60       640    0.4396    0.6535    0.6152    0.4425   0.03102   0.03431  0.005776
    98/999     10.5G   0.03751   0.03966  0.007972   0.08515        18       640    0.4395    0.6551    0.6155    0.4429   0.03102    0.0343  0.005774
    99/999     10.5G   0.03734   0.04018   0.00789   0.08541        21       640    0.4392    0.6553     0.616     0.443   0.03102    0.0343   0.00577
   100/999     10.5G   0.03721   0.03983  0.007899   0.08494        84       640    0.4392    0.6554    0.6164    0.4429   0.03101   0.03429  0.005767
   101/999     10.5G   0.03718   0.03963  0.007923   0.08473         0       640    0.4403    0.6553    0.6167    0.4433   0.03101   0.03428  0.005764
   102/999     10.5G   0.03728   0.03979  0.007942   0.08501        60       640    0.4418    0.6551    0.6171    0.4435   0.03101   0.03427  0.005761
   103/999     10.5G   0.03737   0.03991   0.00789   0.08517       115       640    0.4425    0.6552    0.6175    0.4439     0.031   0.03426  0.005758
   104/999     10.5G   0.03721   0.03927  0.007831   0.08431        31       640    0.4423    0.6553    0.6179    0.4446     0.031   0.03425  0.005756
   105/999     10.5G   0.03709   0.03943  0.007885   0.08441        18       640    0.4424    0.6552    0.6184    0.4446     0.031   0.03426  0.005755
   106/999     10.5G   0.03715   0.03931  0.007899   0.08436       168       640    0.4434    0.6565    0.6184    0.4449     0.031   0.03425  0.005752
   107/999     10.5G   0.03723   0.03965  0.007892   0.08477        66       640    0.4437    0.6568    0.6191    0.4446     0.031   0.03425   0.00575
   108/999     10.5G   0.03723   0.03942  0.007895   0.08455        87       640    0.4448    0.6569    0.6192    0.4449   0.03099   0.03424  0.005749
   109/999     10.5G     0.037   0.03951  0.007815   0.08432        16       640     0.445    0.6571    0.6196    0.4454   0.03099   0.03424  0.005746
   110/999     10.5G   0.03716   0.03957  0.007853   0.08458        24       640    0.4438    0.6561    0.6197    0.4456   0.03098   0.03423  0.005744
   111/999     10.5G   0.03712   0.03967  0.007813    0.0846        64       640    0.4446    0.6553    0.6203    0.4459   0.03098   0.03422  0.005742
   112/999     10.5G   0.03706   0.03959   0.00786   0.08452       106       640    0.4466    0.6555    0.6207    0.4466   0.03097   0.03421   0.00574
   113/999     10.5G   0.03718   0.03947  0.007829   0.08448        15       640    0.4469    0.6558    0.6211    0.4464   0.03097   0.03421  0.005739
   114/999     10.5G   0.03705   0.03911  0.007893   0.08405        68       640    0.4467    0.6558    0.6216    0.4465   0.03097    0.0342  0.005736
   115/999     10.5G   0.03711   0.03958  0.007909    0.0846        16       640    0.4486    0.6568    0.6223    0.4474   0.03096    0.0342  0.005734
   116/999     10.5G   0.03686   0.03952  0.007817   0.08419        68       640    0.4482    0.6565    0.6229    0.4481   0.03096    0.0342  0.005732
   117/999     10.5G   0.03695   0.03924  0.007789   0.08398        37       640     0.449    0.6573    0.6225    0.4491   0.03095   0.03419  0.005729
   118/999     10.5G    0.0369   0.03911  0.007863   0.08387        13       640    0.4502    0.6576    0.6228    0.4496   0.03095   0.03418  0.005727
   119/999     10.5G   0.03707   0.03947  0.007829   0.08436        13       640    0.4494    0.6579    0.6229    0.4496   0.03094   0.03418  0.005725
   120/999     10.5G   0.03705   0.03947   0.00783   0.08435        10       640    0.4498     0.658    0.6235    0.4501   0.03094   0.03418  0.005723
   121/999     10.5G   0.03697   0.03951  0.007813   0.08429       125       640    0.4498    0.6582    0.6238    0.4504   0.03093   0.03417  0.005721
   122/999     10.5G   0.03695   0.03946  0.007825   0.08423        16       640    0.4503    0.6577    0.6242     0.451   0.03093   0.03417  0.005718
   123/999     10.5G   0.03689   0.03909  0.007771   0.08375        22       640    0.4509    0.6573    0.6246     0.451   0.03092   0.03415  0.005716
   124/999     10.5G   0.03693   0.03951  0.007823   0.08426        49       640    0.4503    0.6558    0.6247    0.4511   0.03092   0.03415  0.005715
   125/999     10.5G   0.03673   0.03928  0.007761   0.08377        12       640     0.452    0.6555    0.6252    0.4511   0.03092   0.03414  0.005713
   126/999     10.5G   0.03692   0.03902  0.007772   0.08371        78       640    0.4521    0.6551    0.6255    0.4512   0.03091   0.03414  0.005711
   127/999     10.5G   0.03703   0.03966  0.007898   0.08458        32       640    0.4544    0.6546    0.6258    0.4515   0.03091   0.03413  0.005709
   128/999     10.5G   0.03667   0.03906  0.007727   0.08345        65       640    0.4544    0.6547    0.6265     0.452    0.0309   0.03412  0.005707
   129/999     10.5G   0.03672   0.03936  0.007742   0.08383        53       640     0.455    0.6551    0.6267    0.4525    0.0309   0.03411  0.005705
   130/999     10.5G   0.03681   0.03886  0.007748   0.08342        25       640    0.4544    0.6542    0.6272    0.4528   0.03089   0.03411  0.005703
   131/999     10.5G   0.03668   0.03893  0.007767   0.08337        92       640    0.4566    0.6549    0.6275     0.453   0.03089    0.0341  0.005702
   132/999     10.5G   0.03678   0.03923  0.007754   0.08376        34       640    0.4586    0.6541     0.628    0.4534   0.03088    0.0341    0.0057
   133/999     10.5G   0.03677   0.03895  0.007767   0.08348       108       640    0.4602    0.6538    0.6284    0.4536   0.03088    0.0341  0.005699
   134/999     10.5G   0.03669   0.03943  0.007721   0.08385        95       640    0.4598    0.6542     0.629    0.4544   0.03088   0.03409  0.005698
   135/999     10.5G   0.03671   0.03893  0.007653   0.08329        19       640    0.4605    0.6542    0.6289    0.4541   0.03087   0.03408  0.005696
   136/999     10.5G   0.03677   0.03908  0.007729   0.08358        41       640    0.4626    0.6552    0.6293    0.4543   0.03087   0.03408  0.005694
   137/999     10.5G   0.03661   0.03926  0.007774   0.08364        99       640    0.4608    0.6533    0.6298    0.4543   0.03086   0.03408  0.005692
   138/999     10.5G   0.03679   0.03913  0.007739   0.08366        52       640    0.4619    0.6526    0.6301    0.4544   0.03086   0.03407  0.005691
   139/999     10.5G   0.03662   0.03897  0.007685   0.08327        21       640     0.462    0.6527    0.6308    0.4545   0.03086   0.03407  0.005689
   140/999     10.5G   0.03662   0.03932   0.00766    0.0836        37       640    0.4628    0.6526    0.6311    0.4548   0.03085   0.03406  0.005688
   141/999     10.5G   0.03679   0.03922  0.007748   0.08376        35       640     0.463    0.6525    0.6312    0.4553   0.03084   0.03405  0.005687
   142/999     10.5G   0.03679   0.03922  0.007723   0.08373        52       640    0.4638    0.6524    0.6312    0.4549   0.03083   0.03405  0.005686
   143/999     10.5G   0.03648   0.03875  0.007685   0.08291       135       640    0.4643    0.6524    0.6312    0.4553   0.03083   0.03405  0.005685
   144/999     10.5G   0.03669   0.03879  0.007708   0.08319        42       640     0.466    0.6523    0.6316    0.4554   0.03082   0.03405  0.005683
   145/999     10.5G   0.03651   0.03875  0.007668   0.08293        24       640    0.4666    0.6523    0.6318    0.4557   0.03082   0.03404  0.005681
   146/999     10.5G   0.03647   0.03848  0.007699   0.08265        32       640    0.4674    0.6517     0.632    0.4559   0.03081   0.03404  0.005679
   147/999     10.5G   0.03644   0.03886  0.007642   0.08294        78       640    0.4678    0.6519    0.6321    0.4563   0.03081   0.03403  0.005677
   148/999     10.5G   0.03651   0.03875  0.007615   0.08287        27       640    0.4666    0.6509    0.6324    0.4567   0.03081   0.03402  0.005677
   149/999     10.5G   0.03654   0.03881  0.007656   0.08301        51       640    0.4679    0.6507    0.6327    0.4566    0.0308   0.03402  0.005675
   150/999     10.5G   0.03643   0.03853  0.007648    0.0826       107       640    0.4686    0.6506    0.6332    0.4571    0.0308   0.03402  0.005674
   151/999     10.5G   0.03665   0.03907  0.007677   0.08341        49       640    0.4682      0.65    0.6337    0.4573   0.03079   0.03401  0.005672
   152/999     10.5G   0.03636   0.03902  0.007588   0.08297       113       640    0.4681    0.6488    0.6338    0.4572   0.03079   0.03402   0.00567
   153/999     10.5G    0.0363   0.03861   0.00762   0.08253        10       640    0.4715    0.6495    0.6341    0.4573   0.03079   0.03401  0.005669
   154/999     10.5G   0.03676   0.03905  0.007723   0.08354        80       640    0.4722    0.6486    0.6343    0.4575   0.03078     0.034  0.005669
   155/999     10.5G   0.03662   0.03948  0.007648   0.08374        40       640    0.4732    0.6501    0.6351    0.4573   0.03078     0.034  0.005667
   156/999     10.5G    0.0364   0.03888  0.007657   0.08295        39       640    0.4736    0.6505    0.6354    0.4575   0.03078     0.034  0.005665
   157/999     10.5G   0.03657   0.03883  0.007701    0.0831        70       640    0.4743    0.6504    0.6357     0.458   0.03078   0.03399  0.005663
   158/999     10.5G   0.03658   0.03881  0.007651   0.08304        81       640    0.4744    0.6494    0.6352    0.4579   0.03078     0.034  0.005661
   159/999     10.5G   0.03652   0.03902  0.007652   0.08319       107       640    0.4755    0.6499    0.6362    0.4584   0.03077     0.034   0.00566
   160/999     10.5G   0.03627   0.03897  0.007606   0.08285        45       640    0.4765    0.6505    0.6366    0.4584   0.03077   0.03399  0.005658
   161/999     10.5G   0.03648   0.03883  0.007623   0.08293        75       640    0.4788    0.6523    0.6368    0.4584   0.03077   0.03398  0.005657
   162/999     10.5G   0.03638   0.03858  0.007563   0.08252        32       640    0.4789    0.6514    0.6371    0.4585   0.03076   0.03397  0.005655
   163/999     10.5G   0.03629   0.03866   0.00762   0.08256        16       640    0.4804    0.6532    0.6374    0.4585   0.03076   0.03397  0.005654
   164/999     10.5G   0.03632   0.03886  0.007587   0.08277        29       640    0.4812    0.6548    0.6376    0.4585   0.03075   0.03396  0.005651
   165/999     10.5G   0.03618   0.03861  0.007563   0.08236        35       640    0.4821    0.6548    0.6379    0.4584   0.03075   0.03396   0.00565
   166/999     10.5G   0.03639   0.03896  0.007641   0.08299        63       640    0.4838    0.6549    0.6387    0.4589   0.03075   0.03396  0.005648
   167/999     10.5G   0.03647   0.03895  0.007642   0.08307        19       640    0.4824    0.6555    0.6391    0.4595   0.03074   0.03395  0.005647
   168/999     10.5G   0.03632   0.03884  0.007518   0.08268        77       640    0.4827    0.6562    0.6393    0.4596   0.03073   0.03395  0.005646
   169/999     10.5G   0.03643   0.03849  0.007624   0.08254       116       640    0.4821    0.6564    0.6394    0.4597   0.03073   0.03394  0.005645
   170/999     10.5G   0.03633   0.03889  0.007561   0.08278        58       640    0.4825    0.6566    0.6396    0.4594   0.03072   0.03394  0.005643
   171/999     10.5G   0.03627   0.03844  0.007577   0.08229       110       640    0.4827     0.656    0.6399    0.4598   0.03072   0.03394  0.005641
   172/999     10.5G   0.03615   0.03837  0.007534   0.08206        33       640    0.4819    0.6558    0.6401      0.46   0.03073   0.03394  0.005641
   173/999     10.5G   0.03641   0.03858   0.00754   0.08253        34       640    0.4811    0.6563    0.6403    0.4598   0.03072   0.03393  0.005639
   174/999     10.5G   0.03622    0.0386  0.007558   0.08238        17       640    0.4808    0.6562    0.6405    0.4606   0.03072   0.03393  0.005637
   175/999     10.5G   0.03628   0.03833  0.007571   0.08217        52       640    0.4818    0.6559    0.6405    0.4613   0.03071   0.03393  0.005636
   176/999     10.5G   0.03645    0.0392  0.007637   0.08328        37       640    0.4829    0.6563    0.6409    0.4613   0.03071   0.03393  0.005634
   177/999     10.5G   0.03629   0.03828  0.007546   0.08211        65       640    0.4831    0.6562    0.6411    0.4611    0.0307   0.03393  0.005633
   178/999     10.5G   0.03604   0.03835  0.007523   0.08192       101       640    0.4828    0.6558    0.6415    0.4617    0.0307   0.03393  0.005632
   179/999     10.5G   0.03605   0.03815   0.00751   0.08172        94       640    0.4829    0.6566    0.6418    0.4617    0.0307   0.03393   0.00563
   180/999     10.5G   0.03602   0.03815  0.007501   0.08167       100       640    0.4823    0.6573     0.642    0.4622    0.0307   0.03393  0.005628
   181/999     10.5G   0.03624   0.03864  0.007603   0.08248        71       640    0.4827    0.6583    0.6424    0.4628   0.03069   0.03392  0.005626
   182/999     10.5G   0.03619   0.03858  0.007537   0.08231        13       640    0.4818     0.657    0.6425    0.4629   0.03068   0.03391  0.005623
   183/999     10.5G   0.03619   0.03832  0.007471   0.08198        42       640    0.4829    0.6582    0.6428    0.4633   0.03068   0.03391  0.005621
   184/999     10.5G     0.036   0.03824  0.007538   0.08178        22       640    0.4825    0.6575     0.643    0.4637   0.03067   0.03391   0.00562
   185/999     10.5G   0.03627    0.0385  0.007478   0.08226        86       640     0.482    0.6577    0.6429    0.4642   0.03066   0.03389  0.005618
   186/999     10.5G   0.03635   0.03889  0.007563    0.0828        16       640    0.4806    0.6575    0.6431    0.4647   0.03065   0.03389  0.005617
   187/999     10.5G   0.03608   0.03828  0.007472   0.08184       171       640      0.48    0.6575    0.6433    0.4648   0.03064   0.03387  0.005615
   188/999     10.5G   0.03604   0.03859  0.007453   0.08209        71       640    0.4791    0.6572    0.6433     0.465   0.03063   0.03387  0.005612
   189/999     10.5G   0.03599   0.03841  0.007503   0.08189        66       640    0.4801    0.6585    0.6435    0.4649   0.03062   0.03386  0.005609
   190/999     10.5G   0.03611   0.03799  0.007442   0.08155        29       640    0.4784    0.6579    0.6436    0.4648   0.03062   0.03386  0.005607
   191/999     10.5G   0.03612   0.03865  0.007519   0.08229        51       640    0.4795    0.6579    0.6435    0.4653   0.03062   0.03386  0.005605
   192/999     10.5G    0.0362   0.03846   0.00753   0.08219        28       640    0.4786     0.658    0.6434    0.4655   0.03061   0.03386  0.005604
   193/999     10.5G   0.03625   0.03843  0.007548   0.08223        21       640    0.4798    0.6579    0.6429    0.4654   0.03061   0.03385  0.005603
   194/999     10.5G   0.03621   0.03841  0.007521   0.08215        29       640    0.4795     0.658    0.6428    0.4652   0.03061   0.03384  0.005601
   195/999     10.5G   0.03602   0.03862  0.007503   0.08215        80       640    0.4796    0.6579    0.6431    0.4655    0.0306   0.03384  0.005598
   196/999     10.5G   0.03628   0.03845   0.00753   0.08226        53       640    0.4793    0.6581    0.6432    0.4658    0.0306   0.03384  0.005596
   197/999     10.5G    0.0361   0.03833  0.007487   0.08191        54       640    0.4795    0.6581    0.6431    0.4658    0.0306   0.03383  0.005595
   198/999     10.5G   0.03602   0.03822  0.007499   0.08174        73       640    0.4795    0.6586     0.643    0.4659   0.03059   0.03382  0.005594
   199/999     10.5G   0.03594   0.03843  0.007447   0.08181        43       640    0.4789    0.6595    0.6429    0.4657   0.03059   0.03382  0.005592
   200/999     10.5G   0.03613   0.03831  0.007543   0.08198        72       640    0.4784    0.6583    0.6428     0.466   0.03058   0.03382   0.00559
   201/999     10.5G   0.03611   0.03778   0.00744   0.08134        49       640    0.4791    0.6581    0.6431    0.4666   0.03058   0.03381  0.005588
   202/999     10.5G   0.03586    0.0384  0.007444    0.0817        74       640    0.4795    0.6596    0.6435     0.467   0.03057   0.03381  0.005585
   203/999     10.5G   0.03616   0.03841  0.007477   0.08205        26       640     0.478    0.6588    0.6438     0.467   0.03057   0.03381  0.005583
   204/999     10.5G   0.03596   0.03818  0.007466    0.0816        29       640    0.4783    0.6595    0.6443    0.4675   0.03056    0.0338  0.005581
   205/999     10.5G   0.03599    0.0381   0.00751    0.0816        95       640    0.4782    0.6602    0.6441     0.467   0.03056   0.03379  0.005578
   206/999     10.5G   0.03604   0.03826  0.007519   0.08182        14       640    0.4776    0.6599    0.6445    0.4672   0.03055   0.03379  0.005575
   207/999     10.5G   0.03589   0.03851  0.007379   0.08177       129       640    0.4774    0.6614    0.6447    0.4677   0.03055   0.03378  0.005572
   208/999     10.5G   0.03597   0.03831  0.007448   0.08172        32       640    0.4769    0.6612    0.6447    0.4677   0.03053   0.03377  0.005569
   209/999     10.5G   0.03604   0.03823  0.007458   0.08173        39       640    0.4781    0.6611     0.645    0.4679   0.03053   0.03377  0.005567
   210/999     10.5G   0.03592   0.03819  0.007402   0.08151        30       640    0.4775    0.6613     0.645    0.4683   0.03052   0.03376  0.005564
   211/999     10.5G   0.03583   0.03828  0.007465   0.08158       138       640    0.4778    0.6625    0.6453    0.4684   0.03052   0.03376  0.005562
   212/999     10.5G   0.03587   0.03808  0.007439    0.0814        72       640    0.4787    0.6631    0.6453    0.4686   0.03051   0.03375  0.005559
   213/999     10.5G   0.03585   0.03854  0.007419   0.08181        20       640    0.4779    0.6629    0.6456    0.4687    0.0305   0.03375  0.005556
   214/999     10.5G   0.03583   0.03823   0.00747   0.08152        50       640    0.4774    0.6632    0.6458    0.4688   0.03049   0.03374  0.005554
   215/999     10.5G   0.03598    0.0382  0.007507   0.08169        13       640    0.4764    0.6632     0.646    0.4691   0.03049   0.03373  0.005552
   216/999     10.5G   0.03592   0.03814  0.007455   0.08152       100       640    0.4754    0.6633    0.6458    0.4691   0.03049   0.03373  0.005551
   217/999     10.5G   0.03589   0.03824  0.007406   0.08154        24       640    0.4744     0.663    0.6458    0.4693   0.03048   0.03372  0.005549
   218/999     10.5G    0.0358   0.03814  0.007431   0.08137        63       640    0.4748    0.6659     0.646    0.4695   0.03048   0.03372  0.005546
   219/999     10.5G   0.03585   0.03833   0.00744   0.08162        21       640    0.4744    0.6659    0.6457    0.4696   0.03047   0.03371  0.005544
   220/999     10.5G   0.03586   0.03801  0.007414   0.08128        42       640     0.473    0.6658    0.6457    0.4693   0.03046    0.0337  0.005541
   221/999     10.5G   0.03589   0.03823  0.007448   0.08157        51       640    0.4733    0.6658     0.646    0.4697   0.03045   0.03369  0.005539
   222/999     10.5G   0.03566   0.03793  0.007368   0.08096        49       640    0.4728    0.6659    0.6461    0.4699   0.03045   0.03369  0.005537
   223/999     10.5G   0.03582    0.0382   0.00743   0.08145        75       640    0.4708    0.6649    0.6459    0.4698   0.03044   0.03369  0.005535
   224/999     10.5G   0.03578     0.038  0.007369   0.08115        15       640    0.4709    0.6661    0.6469    0.4697   0.03043   0.03367  0.005534
   225/999     10.5G   0.03589   0.03836  0.007406   0.08165       146       640    0.4717    0.6663     0.647      0.47   0.03042   0.03367  0.005533
   226/999     10.5G   0.03571   0.03792  0.007367     0.081        95       640    0.4713    0.6661    0.6469    0.4699   0.03042   0.03366  0.005531
   227/999     10.5G   0.03584    0.0384  0.007394   0.08163       113       640    0.4717    0.6661    0.6469    0.4706   0.03041   0.03365   0.00553
   228/999     10.5G   0.03561   0.03829  0.007311   0.08121        41       640    0.4705    0.6662    0.6468    0.4701    0.0304   0.03365  0.005529
   229/999     10.5G   0.03575   0.03831  0.007433    0.0815        14       640    0.4699    0.6666     0.647    0.4703   0.03039   0.03364  0.005528
   230/999     10.5G    0.0357   0.03811  0.007361   0.08117        94       640    0.4703    0.6666     0.647    0.4708   0.03039   0.03364  0.005527
   231/999     10.5G   0.03583   0.03828  0.007419   0.08153       163       640    0.4698    0.6659    0.6472    0.4712   0.03038   0.03363  0.005526
   232/999     10.5G   0.03572   0.03795  0.007397   0.08106        27       640    0.4692    0.6658    0.6474    0.4711   0.03038   0.03363  0.005525
   233/999     10.5G   0.03566   0.03824  0.007333   0.08123        85       640    0.4697    0.6651    0.6474    0.4713   0.03037   0.03362  0.005524
   234/999     10.5G   0.03566   0.03797  0.007396   0.08102        12       640    0.4704    0.6663     0.648    0.4717   0.03036   0.03361  0.005522
   235/999     10.5G   0.03578   0.03762  0.007378   0.08077        24       640    0.4702    0.6661    0.6478    0.4714   0.03035   0.03361   0.00552
   236/999     10.5G    0.0358   0.03803  0.007389   0.08122        36       640    0.4698     0.666    0.6481    0.4718   0.03034    0.0336  0.005519
   237/999     10.5G   0.03568   0.03796  0.007331   0.08097        54       640     0.469    0.6656    0.6482    0.4723   0.03033   0.03359  0.005516
   238/999     10.5G   0.03582   0.03822  0.007467   0.08151        21       640    0.4706     0.666    0.6485    0.4723   0.03033   0.03358  0.005514
   239/999     10.5G   0.03588   0.03794  0.007432   0.08126        68       640    0.4718    0.6662    0.6484    0.4718   0.03033   0.03357  0.005512
   240/999     10.5G   0.03569   0.03819  0.007345   0.08123        69       640    0.4722    0.6663    0.6483    0.4717   0.03033   0.03357  0.005509
   241/999     10.5G   0.03578   0.03786   0.00744   0.08108       109       640    0.4722    0.6666    0.6484    0.4716   0.03033   0.03357  0.005507
   242/999     10.5G   0.03573   0.03825  0.007406   0.08139        87       640     0.472    0.6668    0.6481     0.472   0.03032   0.03356  0.005505
   243/999     10.5G   0.03558   0.03793  0.007389    0.0809         9       640    0.4722     0.667    0.6482    0.4727   0.03032   0.03355  0.005503
   244/999     10.5G   0.03566   0.03819  0.007384   0.08123        53       640    0.4714    0.6676    0.6484    0.4733   0.03031   0.03354    0.0055
   245/999     10.5G   0.03567   0.03811  0.007389   0.08116        66       640    0.4703    0.6677    0.6486    0.4738    0.0303   0.03353  0.005497
   246/999     10.5G   0.03558   0.03756  0.007333   0.08047       113       640    0.4709    0.6678    0.6489    0.4736   0.03029   0.03353  0.005495
   247/999     10.5G    0.0357   0.03746  0.007404   0.08056        62       640     0.471    0.6674    0.6491     0.474   0.03028   0.03352  0.005493
   248/999     10.5G   0.03564   0.03771  0.007369   0.08071        71       640    0.4703    0.6671    0.6494    0.4744   0.03028   0.03352   0.00549
   249/999     10.5G   0.03555   0.03782  0.007314   0.08069        75       640    0.4711    0.6671    0.6497    0.4748   0.03027   0.03351  0.005488
   250/999     10.5G   0.03562   0.03773  0.007372   0.08072        20       640    0.4693    0.6669    0.6493    0.4746   0.03027   0.03351  0.005487
   251/999     10.5G   0.03562   0.03818  0.007295    0.0811        42       640    0.4686    0.6673    0.6491    0.4751   0.03026    0.0335  0.005486
   252/999     10.5G   0.03577   0.03825  0.007396   0.08142        27       640    0.4689    0.6672    0.6493    0.4753   0.03025    0.0335  0.005485
   253/999     10.5G   0.03542    0.0377  0.007278    0.0804        27       640    0.4698    0.6674    0.6497    0.4756   0.03025   0.03349  0.005483
   254/999     10.5G    0.0356   0.03786  0.007295   0.08076        46       640    0.4689    0.6681    0.6497    0.4764   0.03024   0.03349  0.005481
   255/999     10.5G   0.03555   0.03778  0.007329   0.08066        53       640    0.4688    0.6698    0.6497     0.477   0.03024   0.03348  0.005478
   256/999     10.5G    0.0355   0.03787  0.007316   0.08068        49       640     0.469    0.6703    0.6498    0.4772   0.03023   0.03348  0.005474
   257/999     10.5G   0.03555   0.03784  0.007281   0.08067        47       640    0.4699    0.6708    0.6503    0.4773   0.03022   0.03347  0.005472
   258/999     10.5G   0.03547   0.03758  0.007349    0.0804        87       640    0.4699     0.672    0.6507    0.4775   0.03022   0.03347   0.00547
   259/999     10.5G   0.03554   0.03787   0.00729    0.0807        17       640    0.4693    0.6718    0.6508    0.4777   0.03021   0.03346  0.005468
   260/999     10.5G   0.03567   0.03771  0.007324    0.0807        17       640    0.4684    0.6718    0.6509    0.4778   0.03021   0.03345  0.005466
   261/999     10.5G   0.03546   0.03765  0.007293   0.08041       124       640    0.4678    0.6719    0.6508    0.4778   0.03021   0.03345  0.005464
   262/999     10.5G    0.0354   0.03752  0.007276    0.0802       176       640    0.4674    0.6722     0.651    0.4783    0.0302   0.03344  0.005462
   263/999     10.5G   0.03564   0.03795  0.007295   0.08088        54       640    0.4663     0.672    0.6513    0.4784    0.0302   0.03344   0.00546
   264/999     10.5G   0.03552   0.03768  0.007334   0.08053       100       640    0.4667    0.6721    0.6513     0.479    0.0302   0.03343  0.005459
   265/999     10.5G   0.03544   0.03734  0.007295   0.08007        69       640    0.4658    0.6722    0.6515     0.479   0.03019   0.03342  0.005457
   266/999     10.5G    0.0355   0.03766  0.007371   0.08053        34       640    0.4647    0.6723    0.6519    0.4792   0.03019   0.03341  0.005455
   267/999     10.5G   0.03544   0.03798   0.00727    0.0807        50       640    0.4645    0.6725    0.6522    0.4794   0.03018   0.03341  0.005453
   268/999     10.5G   0.03551   0.03765  0.007292   0.08045        53       640    0.4651    0.6729    0.6525    0.4799   0.03018   0.03341  0.005451
   269/999     10.5G   0.03566    0.0377  0.007312   0.08067        56       640    0.4661    0.6742    0.6526    0.4797   0.03017    0.0334   0.00545
   270/999     10.5G   0.03557   0.03783  0.007335   0.08074        61       640    0.4656    0.6742    0.6528      0.48   0.03017   0.03339  0.005448
   271/999     10.5G   0.03558   0.03775  0.007305   0.08063        88       640    0.4664    0.6748     0.653    0.4801   0.03017   0.03339  0.005447
   272/999     10.5G    0.0354   0.03761  0.007284    0.0803        74       640    0.4656    0.6751    0.6534    0.4803   0.03017   0.03338  0.005446
   273/999     10.5G    0.0354   0.03795  0.007282   0.08064        31       640    0.4664    0.6759    0.6537    0.4809   0.03016   0.03337  0.005444
   274/999     10.5G   0.03541   0.03785  0.007198   0.08046        51       640    0.4657    0.6761    0.6537    0.4805   0.03016   0.03337  0.005443
   275/999     10.5G   0.03553   0.03767  0.007338   0.08054        77       640    0.4665    0.6765    0.6536    0.4806   0.03015   0.03337  0.005442
   276/999     10.5G   0.03555   0.03772   0.00731   0.08058        66       640    0.4669    0.6761    0.6538    0.4807   0.03015   0.03336  0.005441
   277/999     10.5G   0.03549   0.03795  0.007269    0.0807        47       640    0.4671    0.6763    0.6539    0.4808   0.03014   0.03335  0.005439
   278/999     10.5G   0.03543   0.03753  0.007233   0.08019         8       640    0.4695    0.6786    0.6544    0.4813   0.03013   0.03334  0.005437
   279/999     10.5G   0.03549   0.03748  0.007231    0.0802       108       640    0.4702    0.6799    0.6542    0.4811   0.03013   0.03334  0.005435
   280/999     10.5G   0.03532    0.0376  0.007243   0.08016        13       640    0.4699    0.6795    0.6544    0.4814   0.03012   0.03334  0.005435
   281/999     10.5G   0.03539   0.03813  0.007309   0.08083        39       640    0.4705    0.6799    0.6546    0.4816   0.03012   0.03333  0.005435
   282/999     10.5G   0.03549   0.03759  0.007294   0.08038        62       640    0.4696    0.6793    0.6544    0.4818   0.03012   0.03333  0.005435
   283/999     10.5G   0.03527   0.03764   0.00718   0.08009        41       640    0.4687    0.6787    0.6541    0.4819   0.03012   0.03333  0.005434
   284/999     10.5G   0.03528   0.03724  0.007267   0.07978        31       640    0.4685     0.679    0.6539    0.4817   0.03011   0.03332  0.005433
   285/999     10.5G   0.03538    0.0374  0.007277   0.08007        26       640    0.4683    0.6791     0.654    0.4821    0.0301   0.03332  0.005433
   286/999     10.5G   0.03544   0.03779  0.007281   0.08051        49       640    0.4689    0.6788    0.6539     0.482   0.03009    0.0333  0.005431
   287/999     10.5G   0.03533   0.03762    0.0072   0.08015        87       640    0.4682    0.6772    0.6544    0.4825   0.03009   0.03331   0.00543
   288/999     10.5G   0.03542   0.03764  0.007294   0.08036       109       640     0.468    0.6772    0.6547    0.4827   0.03008    0.0333  0.005429
   289/999     10.5G   0.03537   0.03772  0.007267   0.08035        76       640    0.4679    0.6783    0.6546    0.4825   0.03008   0.03329  0.005428
   290/999     10.5G   0.03531   0.03746  0.007254   0.08003        23       640    0.4681    0.6782    0.6548    0.4826   0.03007   0.03329  0.005427
   291/999     10.5G   0.03534   0.03722   0.00728   0.07984        57       640    0.4686    0.6796    0.6553    0.4826   0.03006   0.03328  0.005427
   292/999     10.5G   0.03532   0.03757  0.007232   0.08012       137       640    0.4686    0.6799    0.6555    0.4829   0.03006   0.03328  0.005426
   293/999     10.5G   0.03523   0.03732  0.007251   0.07979        52       640     0.468    0.6796    0.6553    0.4829   0.03006   0.03328  0.005425
   294/999     10.5G   0.03531   0.03785  0.007266   0.08042        88       640    0.4685    0.6801    0.6557    0.4827   0.03005   0.03327  0.005424
   295/999     10.5G   0.03531   0.03755  0.007269   0.08013        29       640     0.468    0.6792    0.6558    0.4826   0.03005   0.03327  0.005423
   296/999     10.5G    0.0351   0.03729   0.00717   0.07956        35       640    0.4679    0.6805    0.6557    0.4822   0.03005   0.03327  0.005422
   297/999     10.5G   0.03524    0.0373  0.007178   0.07971        57       640    0.4684    0.6815    0.6559    0.4826   0.03005   0.03326  0.005421
   298/999     10.5G   0.03535   0.03762  0.007225   0.08019       107       640    0.4682    0.6813    0.6558    0.4824   0.03004   0.03326   0.00542
   299/999     10.5G   0.03524   0.03756  0.007235   0.08003        59       640    0.4688    0.6816    0.6562    0.4831   0.03004   0.03325  0.005418
   300/999     10.5G   0.03543   0.03737  0.007285   0.08008        55       640    0.4705    0.6826    0.6564    0.4829   0.03003   0.03325  0.005417
   301/999     10.5G   0.03531   0.03741  0.007178    0.0799        32       640    0.4691    0.6829    0.6564    0.4829   0.03002   0.03325  0.005416
   302/999     10.5G    0.0353   0.03762  0.007231   0.08015        72       640    0.4685    0.6822    0.6567    0.4832   0.03002   0.03324  0.005416
   303/999     10.5G   0.03524   0.03744  0.007215    0.0799        80       640    0.4686    0.6831    0.6565    0.4831   0.03001   0.03323  0.005413
   304/999     10.5G   0.03502   0.03726  0.007134   0.07942       100       640    0.4691    0.6835     0.657    0.4831   0.03001   0.03323  0.005412
   305/999     10.5G   0.03522   0.03742  0.007215   0.07986       122       640    0.4694    0.6841    0.6573    0.4836      0.03   0.03322   0.00541
   306/999     10.5G   0.03533   0.03745   0.00721   0.07999        40       640    0.4675     0.683    0.6572    0.4837   0.02999   0.03321  0.005408
   307/999     10.5G   0.03514   0.03746  0.007183   0.07978        24       640    0.4678    0.6832     0.657    0.4841   0.02999   0.03321  0.005408
   308/999     10.5G   0.03517   0.03742  0.007195   0.07978        97       640    0.4671    0.6826    0.6569    0.4841   0.02999   0.03321  0.005408
   309/999     10.5G   0.03519   0.03742  0.007225   0.07984        76       640    0.4666    0.6822    0.6568    0.4842   0.02999    0.0332  0.005408
   310/999     10.5G    0.0353   0.03729  0.007193   0.07978         9       640    0.4677    0.6837     0.657    0.4843   0.02999    0.0332  0.005407
   311/999     10.5G   0.03519   0.03731  0.007143   0.07965        26       640    0.4691    0.6856    0.6572    0.4845   0.02999    0.0332  0.005406
   312/999     10.5G   0.03517   0.03745   0.00714   0.07976        43       640    0.4697    0.6858    0.6573    0.4845   0.02999    0.0332  0.005405
   313/999     10.5G    0.0352   0.03752  0.007217   0.07993        36       640    0.4699     0.687    0.6574    0.4845   0.02998   0.03319  0.005404
   314/999     10.5G   0.03514   0.03729  0.007225   0.07966        46       640    0.4706    0.6879    0.6577    0.4846   0.02998   0.03318  0.005403
   315/999     10.5G   0.03538   0.03733  0.007207   0.07991        56       640    0.4716    0.6877    0.6579    0.4846   0.02998   0.03318  0.005402
   316/999     10.5G   0.03514   0.03668  0.007229   0.07905        30       640    0.4712    0.6877    0.6579     0.485   0.02997   0.03318  0.005403
   317/999     10.5G   0.03528    0.0372  0.007109   0.07959       124       640    0.4692    0.6866    0.6579    0.4852   0.02997   0.03318  0.005403
   318/999     10.5G    0.0351   0.03724  0.007107   0.07944        55       640    0.4693    0.6866     0.658    0.4852   0.02997   0.03318  0.005402
   319/999     10.5G   0.03515   0.03726  0.007166   0.07957        58       640    0.4661    0.6858    0.6578    0.4858   0.02997   0.03317  0.005402
   320/999     10.5G   0.03516   0.03724   0.00721   0.07961        14       640    0.4654    0.6858    0.6578    0.4859   0.02996   0.03317  0.005402
   321/999     10.5G   0.03518   0.03732  0.007169   0.07966        17       640     0.465    0.6849    0.6573     0.485   0.02995   0.03316  0.005402
   322/999     10.5G   0.03511   0.03706  0.007241   0.07941        74       640    0.4643    0.6854    0.6573    0.4851   0.02995   0.03316  0.005402
   323/999     10.5G   0.03508   0.03718  0.007155   0.07942        15       640    0.4646    0.6857    0.6575    0.4852   0.02994   0.03315  0.005401
   324/999     10.5G   0.03496   0.03736  0.007054   0.07937        19       640    0.4634    0.6857    0.6575    0.4853   0.02994   0.03315  0.005401
   325/999     10.5G   0.03498   0.03734  0.007094   0.07941        25       640    0.4641     0.687    0.6574    0.4853   0.02994   0.03315    0.0054
   326/999     10.5G   0.03508   0.03711  0.007186   0.07938        69       640    0.4649    0.6854    0.6577    0.4857   0.02994   0.03314    0.0054
   327/999     10.5G   0.03509   0.03724  0.007145   0.07947        38       640    0.4659    0.6865    0.6578    0.4857   0.02993   0.03314  0.005399
   328/999     10.5G   0.03489   0.03715  0.007144   0.07918        71       640    0.4665    0.6868     0.658    0.4851   0.02993   0.03313  0.005398
   329/999     10.5G   0.03512   0.03739  0.007132   0.07964        14       640    0.4659    0.6871    0.6578    0.4854   0.02992   0.03313  0.005397
   330/999     10.5G   0.03509   0.03755  0.007133   0.07977        64       640    0.4656    0.6869    0.6579    0.4856   0.02991   0.03312  0.005395
   331/999     10.5G   0.03519    0.0375  0.007138   0.07983        46       640    0.4648    0.6873     0.658    0.4855   0.02991   0.03311  0.005394
   332/999     10.5G   0.03523   0.03772  0.007136   0.08009        59       640    0.4644    0.6875     0.658    0.4857    0.0299   0.03311  0.005395
   333/999     10.5G   0.03512   0.03735  0.007175   0.07964        22       640    0.4651    0.6877    0.6583     0.486    0.0299    0.0331  0.005393
   334/999     10.5G   0.03503   0.03721  0.007131   0.07937       128       640    0.4638    0.6876    0.6582    0.4862   0.02989    0.0331  0.005392
   335/999     10.5G   0.03502   0.03704  0.007134   0.07919       139       640    0.4635     0.688    0.6583    0.4861   0.02989   0.03309  0.005391
   336/999     10.5G   0.03509   0.03724  0.007109   0.07943        40       640    0.4636    0.6881    0.6583    0.4864   0.02988   0.03308  0.005389
   337/999     10.5G   0.03496    0.0369  0.007152   0.07901        34       640    0.4641    0.6889    0.6587    0.4863   0.02988   0.03308  0.005389
   338/999     10.5G   0.03488   0.03694  0.007179     0.079        63       640    0.4651    0.6892    0.6588    0.4864   0.02987   0.03307  0.005388
   339/999     10.5G   0.03502   0.03738   0.00712   0.07952        97       640    0.4659    0.6892    0.6588     0.487   0.02987   0.03307  0.005387
   340/999     10.5G   0.03503   0.03723  0.007156   0.07942        91       640    0.4649    0.6895     0.659    0.4871   0.02987   0.03307  0.005387
   341/999     10.5G   0.03494   0.03727  0.007087    0.0793        10       640    0.4642     0.689    0.6591     0.487   0.02986   0.03307  0.005387
   342/999     10.5G   0.03475   0.03687  0.007103   0.07872        22       640    0.4638    0.6886    0.6593    0.4871   0.02986   0.03306  0.005386
   343/999     10.5G   0.03488   0.03699  0.007084   0.07895        27       640    0.4627    0.6889    0.6595    0.4872   0.02985   0.03306  0.005385
   344/999     10.5G   0.03506   0.03693   0.00714   0.07913        47       640    0.4631    0.6892    0.6592    0.4875   0.02985   0.03306  0.005384
   345/999     10.5G   0.03515   0.03698  0.007133   0.07927        53       640    0.4632    0.6893    0.6597    0.4874   0.02985   0.03305  0.005383
   346/999     10.5G   0.03514   0.03703  0.007163   0.07933        60       640    0.4635    0.6905      0.66    0.4879   0.02984   0.03305  0.005382
   347/999     10.5G   0.03474   0.03713  0.007011   0.07888        52       640    0.4632    0.6901      0.66    0.4881   0.02984   0.03305   0.00538
   348/999     10.5G   0.03507     0.037  0.007143   0.07921        19       640    0.4625    0.6903      0.66    0.4885   0.02984   0.03304   0.00538
   349/999     10.5G   0.03501   0.03714  0.007104   0.07925         8       640    0.4617    0.6902    0.6601     0.489   0.02984   0.03303  0.005379
   350/999     10.5G   0.03474    0.0367  0.007046   0.07848        65       640     0.462      0.69    0.6603    0.4895   0.02983   0.03303  0.005379
   351/999     10.5G   0.03496    0.0372   0.00711   0.07927        46       640     0.462      0.69    0.6606      0.49   0.02983   0.03303  0.005378
   352/999     10.5G   0.03495   0.03727  0.007062   0.07928        47       640    0.4623    0.6902    0.6609    0.4896   0.02983   0.03304  0.005377
   353/999     10.5G   0.03494   0.03696  0.007143   0.07905        88       640    0.4628    0.6903    0.6609    0.4904   0.02983   0.03303  0.005377
   354/999     10.5G   0.03508   0.03735  0.007127   0.07956        48       640    0.4616    0.6904    0.6611    0.4906   0.02982   0.03303  0.005377
   355/999     10.5G    0.0347     0.037  0.007049   0.07875        16       640     0.462    0.6909    0.6612    0.4909   0.02983   0.03303  0.005377
   356/999     10.5G    0.0349   0.03704   0.00705   0.07899        19       640    0.4617    0.6901    0.6611    0.4908   0.02983   0.03303  0.005376
   357/999     10.5G   0.03499   0.03701  0.007067   0.07907        28       640    0.4602    0.6899    0.6609    0.4908   0.02982   0.03303  0.005377
   358/999     10.5G   0.03489   0.03669  0.007075   0.07866        49       640    0.4603     0.691     0.661    0.4906   0.02982   0.03302  0.005377
   359/999     10.5G   0.03484   0.03697  0.007023   0.07883        19       640    0.4602    0.6911    0.6609    0.4906   0.02982   0.03302  0.005377
   360/999     10.5G   0.03495   0.03709  0.007043   0.07908        10       640      0.46    0.6914    0.6613    0.4909   0.02982   0.03302  0.005377
   361/999     10.5G   0.03493   0.03702  0.007073   0.07902        38       640    0.4608    0.6928    0.6614    0.4909   0.02981   0.03302  0.005377
   362/999     10.5G   0.03498    0.0372  0.007172   0.07936        23       640    0.4611     0.692    0.6615    0.4913   0.02981   0.03302  0.005377
   363/999     10.5G   0.03505   0.03675  0.007114   0.07891        20       640     0.461     0.692    0.6614    0.4909   0.02981   0.03301  0.005375
   364/999     10.5G   0.03492   0.03725    0.0071   0.07927        64       640    0.4615    0.6918    0.6616    0.4916   0.02981   0.03302  0.005374
   365/999     10.5G   0.03493   0.03695  0.007066   0.07895         9       640     0.462    0.6921    0.6617    0.4915   0.02981   0.03301  0.005374
   366/999     10.5G   0.03482   0.03682  0.007073   0.07872        31       640    0.4611    0.6917    0.6619    0.4913    0.0298   0.03301  0.005374
   367/999     10.5G    0.0348   0.03708  0.007105   0.07899        41       640    0.4607    0.6926    0.6621    0.4915    0.0298   0.03301  0.005374
   368/999     10.5G   0.03469   0.03674  0.007022   0.07846        51       640    0.4616    0.6937    0.6621    0.4916    0.0298   0.03301  0.005374
   369/999     10.5G   0.03487   0.03681  0.007083   0.07876        16       640    0.4618    0.6944    0.6621    0.4918    0.0298   0.03301  0.005374
   370/999     10.5G   0.03486   0.03694  0.006993   0.07879        45       640    0.4633    0.6934     0.662    0.4916   0.02979   0.03301  0.005374
   371/999     10.5G   0.03475   0.03643  0.007001   0.07819        65       640    0.4628    0.6943     0.662    0.4917   0.02979     0.033  0.005375
   372/999     10.5G   0.03475   0.03671  0.007041    0.0785        52       640    0.4611    0.6932    0.6619    0.4916   0.02979     0.033  0.005374
   373/999     10.5G   0.03496   0.03683  0.007112   0.07891        94       640    0.4609    0.6932    0.6621    0.4916   0.02979     0.033  0.005375
   374/999     10.5G   0.03487   0.03728  0.007071   0.07922       103       640    0.4598    0.6929    0.6619    0.4919   0.02979     0.033  0.005374
   375/999     10.5G   0.03489    0.0367  0.007026   0.07862        17       640    0.4597    0.6948    0.6623    0.4916   0.02979     0.033  0.005375
   376/999     10.5G    0.0347    0.0371  0.006972   0.07877        70       640    0.4597     0.695    0.6622    0.4913   0.02979   0.03299  0.005375
   377/999     10.5G   0.03468     0.037  0.007029    0.0787        48       640     0.459    0.6947     0.662    0.4911   0.02978   0.03299  0.005374
   378/999     10.5G   0.03485   0.03668  0.007005   0.07853        69       640    0.4596    0.6945     0.662    0.4911   0.02978   0.03299  0.005374
   379/999     10.5G   0.03466   0.03651  0.006973   0.07815        66       640    0.4606    0.6949    0.6622    0.4912   0.02978   0.03299  0.005373
   380/999     10.5G   0.03472   0.03692   0.00705   0.07869        75       640    0.4616    0.6953    0.6623    0.4914   0.02978   0.03299  0.005372
   381/999     10.5G   0.03472   0.03656  0.007044   0.07833       158       640    0.4622    0.6958    0.6627    0.4918   0.02978   0.03299  0.005371
   382/999     10.5G   0.03464   0.03646  0.006968   0.07807        79       640    0.4618    0.6962    0.6627    0.4922   0.02978   0.03298  0.005371
   383/999     10.5G   0.03484   0.03694  0.007067   0.07884        33       640    0.4614    0.6966    0.6627    0.4923   0.02978   0.03299  0.005371
   384/999     10.5G   0.03485   0.03709   0.00702   0.07895       139       640    0.4624    0.6976    0.6631    0.4924   0.02977   0.03298  0.005369
   385/999     10.5G   0.03459   0.03648   0.00699   0.07806        96       640     0.463    0.6975    0.6628    0.4927   0.02977   0.03298  0.005369
   386/999     10.5G    0.0346   0.03656   0.00696   0.07812        43       640    0.4627    0.6979    0.6627    0.4924   0.02977   0.03298  0.005369
   387/999     10.5G   0.03459   0.03683  0.007049   0.07847        86       640     0.462    0.6977    0.6627    0.4928   0.02976   0.03298   0.00537
   388/999     10.5G   0.03455   0.03688  0.006975   0.07841        56       640    0.4626    0.6979    0.6629    0.4924   0.02975   0.03297   0.00537
   389/999     10.5G   0.03473    0.0371  0.007006   0.07883        49       640    0.4628    0.6979     0.663    0.4928   0.02975   0.03297  0.005371
   390/999     10.5G    0.0348    0.0369  0.007039   0.07874        64       640    0.4628    0.6971    0.6629    0.4935   0.02974   0.03297  0.005371
   391/999     10.5G   0.03474    0.0367  0.007001   0.07844        75       640    0.4622    0.6963    0.6627    0.4937   0.02974   0.03297  0.005372
   392/999     10.5G   0.03457   0.03643  0.006975   0.07797        70       640    0.4632    0.6974     0.663     0.494   0.02974   0.03296  0.005372
   393/999     10.5G   0.03464   0.03688  0.006985   0.07851        54       640    0.4625    0.6966     0.663     0.494   0.02974   0.03296  0.005373
   394/999     10.5G   0.03467   0.03674  0.006995    0.0784        54       640    0.4618    0.6958    0.6632    0.4938   0.02974   0.03296  0.005374
   395/999     10.5G   0.03479    0.0368  0.007065   0.07866        46       640    0.4618    0.6964    0.6631    0.4931   0.02974   0.03296  0.005374
   396/999     10.5G   0.03477   0.03695  0.007038   0.07876        85       640     0.461    0.6955    0.6634    0.4932   0.02973   0.03295  0.005375
   397/999     10.5G   0.03458   0.03622  0.006993    0.0778        69       640    0.4617     0.696    0.6631    0.4935   0.02973   0.03295  0.005375
   398/999     10.5G   0.03475   0.03677  0.006994   0.07852       130       640    0.4607    0.6976    0.6629    0.4936   0.02972   0.03294  0.005375
   399/999     10.5G   0.03473   0.03661   0.00701   0.07836        54       640    0.4619    0.6976    0.6627    0.4941   0.02972   0.03294  0.005375
   400/999     10.5G   0.03467   0.03657  0.006987   0.07823        80       640    0.4627    0.6978    0.6629    0.4943   0.02972   0.03294  0.005375
   401/999     10.5G    0.0345   0.03649  0.006931   0.07792         8       640    0.4629    0.6964    0.6625    0.4942   0.02972   0.03294  0.005375
   402/999     10.5G   0.03442   0.03629  0.006933   0.07765        50       640    0.4614    0.6952    0.6625    0.4944   0.02972   0.03294  0.005375
   403/999     10.5G   0.03464   0.03631  0.006957   0.07792        43       640    0.4606     0.694    0.6621    0.4936   0.02972   0.03294  0.005376
   404/999     10.5G   0.03458   0.03678   0.00693   0.07829        73       640    0.4603    0.6947    0.6619    0.4939   0.02972   0.03294  0.005375
   405/999     10.5G   0.03448   0.03653  0.006955   0.07797        19       640    0.4603    0.6956    0.6616    0.4939   0.02971   0.03294  0.005376
   406/999     10.5G   0.03463   0.03663   0.00697   0.07823        56       640    0.4596    0.6947    0.6616    0.4937   0.02971   0.03293  0.005377
   407/999     10.5G   0.03461   0.03674  0.006947   0.07829        92       640     0.459    0.6946    0.6615    0.4932   0.02971   0.03293  0.005377
   408/999     10.5G   0.03442   0.03684  0.006939    0.0782        62       640    0.4593     0.694    0.6615    0.4936    0.0297   0.03293  0.005377
   409/999     10.5G   0.03465   0.03612  0.006974   0.07774        42       640    0.4588    0.6929    0.6614    0.4933    0.0297   0.03293  0.005378
   410/999     10.5G   0.03444   0.03647  0.006895    0.0778        55       640    0.4589    0.6949    0.6616    0.4929    0.0297   0.03292  0.005378
   411/999     10.5G    0.0346   0.03649  0.006948   0.07803        31       640    0.4596     0.695    0.6616    0.4929    0.0297   0.03293  0.005378
   412/999     10.5G   0.03454   0.03668  0.006956   0.07817        48       640    0.4592     0.695    0.6613    0.4927    0.0297   0.03292  0.005379
   413/999     10.5G   0.03456   0.03684  0.006967   0.07836        35       640    0.4587    0.6953    0.6616     0.493   0.02969   0.03291  0.005378
   414/999     10.5G    0.0344   0.03643  0.006923   0.07775        95       640    0.4585    0.6951    0.6614    0.4929   0.02969   0.03291  0.005378
   415/999     10.5G   0.03463    0.0365  0.006944   0.07808        58       640    0.4576    0.6952    0.6611     0.493   0.02969   0.03291  0.005379
   416/999     10.5G   0.03461   0.03685  0.007011   0.07847        34       640    0.4581    0.6955    0.6614    0.4934   0.02969   0.03291  0.005378
   417/999     10.5G   0.03458   0.03661  0.006924   0.07811       106       640    0.4564    0.6952    0.6611    0.4933   0.02969   0.03291  0.005378
   418/999     10.5G   0.03466   0.03646  0.006897   0.07802        17       640    0.4555     0.695    0.6609    0.4934   0.02969   0.03291  0.005378
   419/999     10.5G   0.03452   0.03647  0.006983   0.07798        40       640    0.4548    0.6961    0.6607    0.4927   0.02968    0.0329  0.005378
   420/999     10.5G   0.03448   0.03621  0.006943   0.07763        26       640    0.4548    0.6959    0.6608    0.4924   0.02968    0.0329  0.005378
   421/999     10.5G   0.03459   0.03672  0.006882   0.07819        44       640    0.4541     0.696    0.6607    0.4918   0.02968   0.03289  0.005378
   422/999     10.5G   0.03449   0.03647  0.006931   0.07789        61       640    0.4538    0.6961    0.6608    0.4919   0.02967   0.03289   0.00538
   423/999     10.5G   0.03437   0.03646   0.00692   0.07775        22       640    0.4548    0.6963    0.6611    0.4917   0.02967    0.0329  0.005381
   424/999     10.5G   0.03454   0.03648  0.006937   0.07796        22       640    0.4558    0.6951    0.6613    0.4917   0.02967    0.0329  0.005381
   425/999     10.5G   0.03456   0.03662  0.006918    0.0781        74       640    0.4563    0.6954     0.661    0.4919   0.02967    0.0329  0.005382
   426/999     10.5G   0.03448   0.03635  0.006904   0.07773        34       640    0.4557    0.6939    0.6606     0.492   0.02967    0.0329  0.005382
   427/999     10.5G   0.03439   0.03638  0.006873   0.07764       106       640    0.4551    0.6943    0.6612    0.4917   0.02966   0.03291  0.005383
   428/999     10.5G   0.03455   0.03663  0.006925   0.07811        41       640    0.4555    0.6953    0.6615    0.4923   0.02966    0.0329  0.005383
   429/999     10.5G   0.03431   0.03633  0.006864    0.0775        20       640    0.4559    0.6956    0.6609    0.4924   0.02966    0.0329  0.005384
   430/999     10.5G   0.03445   0.03644  0.006939   0.07783        53       640    0.4563    0.6955    0.6613    0.4927   0.02966   0.03291  0.005385
   431/999     10.5G   0.03455   0.03656  0.006901   0.07801        90       640    0.4567    0.6963    0.6615     0.493   0.02965    0.0329  0.005385
   432/999     10.5G   0.03436   0.03638  0.006879   0.07763        56       640    0.4571    0.6963    0.6615    0.4931   0.02965    0.0329  0.005386
   433/999     10.5G   0.03441   0.03622  0.006858   0.07749        29       640     0.456    0.6956    0.6617    0.4937   0.02965    0.0329  0.005386
   434/999     10.5G   0.03451    0.0362  0.006858   0.07757        56       640    0.4559    0.6954    0.6621    0.4938   0.02965    0.0329  0.005386
   435/999     10.5G   0.03443   0.03672  0.006904   0.07805        21       640    0.4553    0.6951    0.6619    0.4942   0.02965    0.0329  0.005385
   436/999     10.5G   0.03449   0.03639  0.006973   0.07786        40       640     0.455    0.6949    0.6613    0.4945   0.02964    0.0329  0.005383
   437/999     10.5G   0.03447    0.0363  0.006855   0.07763        73       640    0.4542    0.6954    0.6609    0.4942   0.02964    0.0329  0.005382
   438/999     10.5G   0.03419   0.03612  0.006837   0.07715       131       640    0.4561    0.6975    0.6612     0.494   0.02964   0.03289  0.005381
   439/999     10.5G   0.03444   0.03656  0.006879   0.07788        66       640    0.4548    0.6969     0.661     0.494   0.02964   0.03289   0.00538
   440/999     10.5G   0.03428   0.03636  0.006812   0.07745        47       640     0.456    0.7002    0.6617    0.4941   0.02964   0.03289   0.00538
   441/999     10.5G   0.03445    0.0363  0.006899   0.07765        49       640    0.4557    0.6999    0.6617     0.494   0.02963   0.03289  0.005379
   442/999     10.5G   0.03445   0.03674  0.006891   0.07808       100       640     0.456    0.7001    0.6625    0.4938   0.02963   0.03289  0.005379
   443/999     10.5G   0.03431   0.03648  0.006907    0.0777         8       640    0.4547    0.6982    0.6624    0.4937   0.02963   0.03289  0.005378
   444/999     10.5G   0.03452   0.03657  0.006925   0.07802       139       640    0.4565    0.6993    0.6627    0.4929   0.02962   0.03289  0.005377
   445/999     10.5G   0.03419   0.03611  0.006817   0.07712        84       640    0.4561    0.6989     0.662    0.4935   0.02962   0.03289  0.005376
   446/999     10.5G   0.03424   0.03654  0.006825   0.07761        25       640    0.4546     0.699    0.6619    0.4933   0.02962   0.03288  0.005376
   447/999     10.5G   0.03419   0.03615  0.006813   0.07716        17       640    0.4548    0.7003    0.6622    0.4934   0.02961   0.03289  0.005375
   448/999     10.5G   0.03455   0.03643  0.006911   0.07789        22       640    0.4551    0.6992    0.6621    0.4929   0.02961   0.03288  0.005374
   449/999     10.5G   0.03444     0.036  0.006888   0.07732        45       640    0.4543    0.6998    0.6621    0.4932   0.02961   0.03287  0.005374
   450/999     10.5G    0.0342   0.03616  0.006798   0.07716        76       640    0.4547    0.7003    0.6629    0.4937   0.02961   0.03287  0.005374
   451/999     10.5G   0.03423    0.0361  0.006842   0.07717        25       640    0.4543    0.6989    0.6624    0.4941    0.0296   0.03287  0.005374
   452/999     10.5G   0.03439   0.03616  0.006822   0.07738       152       640    0.4548    0.6991    0.6627    0.4944   0.02959   0.03286  0.005374
   453/999     10.5G   0.03434   0.03635   0.00692    0.0776        14       640    0.4544     0.699     0.663    0.4944   0.02959   0.03285  0.005374
   454/999     10.5G   0.03425   0.03651  0.006886   0.07764        88       640    0.4552    0.6996    0.6636    0.4945   0.02958   0.03285  0.005374
   455/999     10.5G   0.03434   0.03615  0.006852   0.07735        17       640    0.4545    0.6994    0.6641    0.4944   0.02958   0.03285  0.005373
   456/999     10.5G   0.03435   0.03644  0.006925   0.07772        20       640    0.4538    0.6989    0.6636    0.4943   0.02958   0.03286  0.005374
   457/999     10.5G   0.03415   0.03601  0.006807   0.07697        71       640    0.4528    0.6984    0.6636    0.4941   0.02958   0.03286  0.005374
   458/999     10.5G    0.0342   0.03586  0.006815   0.07687        28       640    0.4532     0.699    0.6637    0.4942   0.02958   0.03286  0.005375
   459/999     10.5G   0.03426   0.03586  0.006832   0.07695        82       640    0.4539    0.7002    0.6637    0.4942   0.02958   0.03286  0.005376
   460/999     10.5G   0.03428   0.03603  0.006845   0.07716        82       640    0.4544    0.7011    0.6637    0.4946   0.02958   0.03286  0.005377
   461/999     10.5G   0.03422   0.03595  0.006857   0.07702        40       640    0.4549    0.7012    0.6634    0.4943   0.02958   0.03286  0.005378
   462/999     10.5G   0.03426   0.03624  0.006858   0.07735       161       640    0.4557    0.7014    0.6634     0.494   0.02958   0.03287  0.005378
   463/999     10.5G   0.03412     0.036  0.006783    0.0769        81       640    0.4551    0.7021    0.6628    0.4938   0.02958   0.03288  0.005378
   464/999     10.5G   0.03418   0.03584  0.006829   0.07685        64       640    0.4554     0.702    0.6628    0.4936   0.02958   0.03287  0.005378
   465/999     10.5G   0.03411   0.03604  0.006797   0.07695        54       640    0.4553    0.7021    0.6627    0.4934   0.02958   0.03288  0.005378
   466/999     10.5G    0.0343    0.0361  0.006917   0.07732        30       640    0.4565    0.7034    0.6631    0.4935   0.02958   0.03287  0.005379
   467/999     10.5G   0.03429   0.03627  0.006811   0.07737        24       640     0.456     0.703    0.6634    0.4932   0.02958   0.03287  0.005378
   468/999     10.5G   0.03415   0.03602  0.006765   0.07694        28       640    0.4561    0.7027    0.6639    0.4933   0.02958   0.03287  0.005377
   469/999     10.5G   0.03421   0.03585  0.006855   0.07691        59       640    0.4547    0.7026     0.664    0.4938   0.02958   0.03287  0.005376
   470/999     10.5G   0.03421   0.03622  0.006835   0.07727        12       640    0.4545    0.7035    0.6642    0.4946   0.02958   0.03287  0.005374
   471/999     10.5G   0.03416   0.03621  0.006837    0.0772        92       640    0.4541    0.7022    0.6645    0.4949   0.02958   0.03287  0.005373
   472/999     10.5G   0.03432   0.03639  0.006841   0.07755        64       640    0.4537    0.7026     0.665     0.495   0.02958   0.03287  0.005373
   473/999     10.5G   0.03432   0.03603  0.006829   0.07718        98       640    0.4539    0.7033    0.6649    0.4948   0.02957   0.03287  0.005371
   474/999     10.5G   0.03421    0.0362  0.006764   0.07717        62       640    0.4545    0.7046    0.6651    0.4949   0.02957   0.03286  0.005368
   475/999     10.5G   0.03408   0.03612  0.006781   0.07699        31       640    0.4534    0.7028    0.6653    0.4952   0.02956   0.03286  0.005366
   476/999     10.5G   0.03422   0.03589  0.006794   0.07691        66       640    0.4541    0.7037    0.6657    0.4953   0.02956   0.03286  0.005365
   477/999     10.5G   0.03398   0.03589   0.00675   0.07663        60       640    0.4533    0.7035    0.6656    0.4954   0.02956   0.03286  0.005364
   478/999     10.5G   0.03417   0.03584   0.00685   0.07686        17       640    0.4538    0.7035    0.6657    0.4954   0.02956   0.03286  0.005364
   479/999     10.5G   0.03416   0.03592  0.006744   0.07683       126       640     0.453    0.7032    0.6657    0.4956   0.02956   0.03286  0.005363
